-2.269781567156314850e-02 8.099988102912902832e-01 -1.957961469888687134e-01
0.000000000000000000e+00 0.000000000000000000e+00 0.000000000000000000e+00
-2.749877870082855225e-01 -3.234375119209289551e-01 -2.025000005960464478e-01
0.000000000000000000e+00 -3.037500083446502686e-01 8.999992012977600098e-01
-7.365234196186065674e-02 8.999993801116943359e-01 -3.375000059604644775e-01
8.999995589256286621e-01 0.000000000000000000e+00 -3.937500119209289551e-01
-7.734375000000000000e-01 -7.593750357627868652e-01 -7.039062380790710449e-01
0.000000000000000000e+00 0.000000000000000000e+00 9.999999403953552246e-01
0.000000000000000000e+00 1.000000000000000000e+00 -5.000000000000000000e-01
1.000000000000000000e+00 -5.000000000000000000e-01 -5.000000000000000000e-01
-9.843750000000000000e-01 -9.843750000000000000e-01 -9.687500000000000000e-01
0.000000000000000000e+00 0.000000000000000000e+00 0.000000000000000000e+00
