-7.289898991584777832e-01 0.000000000000000000e+00 0.000000000000000000e+00
3.760409653186798096e-01 0.000000000000000000e+00 -1.339453160762786865e-01
-8.099951744079589844e-01 -8.099914789199829102e-01 -8.099952936172485352e-01
-1.544018536806106567e-01 -8.437499403953552246e-02 7.453125119209289551e-01
-2.531250119209289551e-01 6.187499761581420898e-01 0.000000000000000000e+00
7.523437142372131348e-01 -2.249999940395355225e-01 -1.624999940395355225e-01
-8.999992609024047852e-01 -8.999996185302734375e-01 -8.999996185302734375e-01
0.000000000000000000e+00 0.000000000000000000e+00 9.921875000000000000e-01
0.000000000000000000e+00 9.687500000000000000e-01 0.000000000000000000e+00
9.687500000000000000e-01 -7.500000000000000000e-01 -5.000000000000000000e-01
-1.000000000000000000e+00 -1.000000000000000000e+00 -1.000000000000000000e+00
0.000000000000000000e+00 0.000000000000000000e+00 0.000000000000000000e+00
