table_NS_SIR

8 8
[[5.00000000e+01 4.99985859e+01 4.99844470e+01 4.98432791e+01
  4.84545716e+01 3.77644068e+01 2.87148460e+01 2.69660193e+01]
 [1.00000000e+01 9.99999998e+00 9.99999758e+00 9.99975387e+00
  9.97561268e+00 8.20152046e+00 3.54854883e+00 2.15550260e+00]
 [0.00000000e+00 1.41412872e-03 1.55554146e-02 1.56967000e-01
  1.56981568e+00 1.40340727e+01 2.77366051e+01 3.08784781e+01]]
100 3
50.0 150.0 250.0
1 50.0 -135.6011502714073
3 150.0 -90.53176470481279
5 250.0 -16.073045893112294