【table_GA_Knapsack】
gen     nevals  avg     std             min     max
0       50      [0.82]  [3.09638499]    [0.]    [16.]
1       44      [3.56]  [6.02713862]    [0.]    [16.]
2       48      [5.52]  [6.40074996]    [0.]    [18.]
3       49      [8.14]  [7.00002857]    [0.]    [18.]
4       43      [12.3]  [6.80661443]    [0.]    [18.]
5       45      [14.66] [5.92489662]    [0.]    [18.]
6       45      [13.46] [7.27244113]    [0.]    [18.]
7       47      [16.82] [3.55353345]    [0.]    [18.]
8       48      [15.2]  [6.2992063]     [0.]    [18.]
9       46      [16.28] [4.98413483]    [0.]    [18.]
10      47      [14.94] [6.55868889]    [0.]    [18.]
11      45      [15.18] [6.17961164]    [0.]    [18.]
12      45      [14.96] [6.56036584]    [0.]    [18.]
13      48      [16.22] [5.12753352]    [0.]    [18.]
14      48      [16.3]  [4.7381431]     [0.]    [18.]
15      41      [15.46] [6.01401696]    [0.]    [18.]
16      45      [15.04] [6.57559123]    [0.]    [18.]
17      46      [16.12] [5.38754118]    [0.]    [18.]
18      43      [16.26] [4.86542907]    [0.]    [18.]
19      46      [15.98] [5.4350345]     [0.]    [18.]
20      48      [14.46] [7.01772043]    [0.]    [18.]
21      44      [15.72] [5.82422527]    [0.]    [18.]
22      38      [15.72] [5.4664065]     [0.]    [18.]
23      45      [15.76] [5.83287236]    [0.]    [18.]
24      42      [17.34] [3.08292069]    [0.]    [18.]
25      45      [15.86] [5.69213492]    [0.]    [18.]
26      44      [13.98] [7.43637008]    [0.]    [18.]
27      42      [15.38] [6.06593769]    [0.]    [18.]
28      43      [16.5]  [4.69574275]    [0.]    [18.]
29      47      [14.]   [7.4404301]     [0.]    [18.]
30      49      [16.2]  [5.4]           [0.]    [18.]
31      48      [15.54] [5.67524449]    [0.]    [18.]
32      46      [13.96] [7.26349778]    [0.]    [18.]
33      48      [16.18] [4.9383803]     [0.]    [18.]
34      46      [14.76] [6.61682703]    [0.]    [18.]
35      41      [15.48] [6.01411673]    [0.]    [18.]
36      44      [14.8]  [6.50538239]    [0.]    [18.]
37      47      [15.42] [5.99029215]    [0.]    [18.]
38      46      [14.82] [6.72217227]    [0.]    [18.]
39      47      [16.26] [4.86542907]    [0.]    [18.]
40      44      [14.08] [7.10729203]    [0.]    [18.]
41      39      [14.52] [6.83005124]    [0.]    [18.]
42      45      [14.84] [6.61319892]    [0.]    [18.]
43      49      [14.26] [7.03650481]    [0.]    [18.]
44      46      [14.44] [7.01472736]    [0.]    [18.]
45      45      [15.78] [5.59388952]    [0.]    [18.]
46      47      [17.1]  [3.61247837]    [0.]    [18.]
47      43      [16.58] [4.57860241]    [0.]    [18.]
48      44      [16.56] [4.88327759]    [0.]    [18.]
49      45      [16.42] [4.8747923]     [0.]    [18.]
50      45      [16.52] [4.87950817]    [0.]    [18.]
51      44      [16.7]  [4.2860238]     [0.]    [18.]
52      46      [15.48] [6.24576657]    [0.]    [18.]
53      48      [16.06] [5.39781437]    [0.]    [18.]
54      45      [14.96] [6.54816005]    [0.]    [18.]
55      45      [16.54] [4.45515432]    [0.]    [18.]
56      48      [15.38] [6.07911178]    [0.]    [18.]
57      48      [13.68] [7.68749634]    [0.]    [18.]
58      46      [14.8]  [6.6121101]     [0.]    [18.]
59      38      [14.72] [6.90228948]    [0.]    [18.]
60      47      [15.46] [5.75920133]    [0.]    [18.]
61      48      [16.46] [4.87938521]    [0.]    [18.]
62      45      [16.2]  [4.91121166]    [0.]    [18.]
63      48      [16.9]  [3.93573373]    [0.]    [18.]
64      48      [15.78] [5.8422256]     [0.]    [18.]
65      43      [15.12] [6.598909]      [0.]    [18.]
66      48      [16.46] [4.57912655]    [0.]    [18.]
67      49      [15.06] [6.36682024]    [0.]    [18.]
68      45      [15.94] [5.4052197]     [0.]    [18.]
69      44      [16.02] [5.22107269]    [0.]    [18.]
70      44      [15.52] [6.02408499]    [0.]    [18.]
71      48      [14.88] [6.52269883]    [0.]    [18.]
72      41      [16.3]  [5.13906606]    [0.]    [18.]
73      47      [14.8]  [6.72011905]    [0.]    [18.]
74      43      [16.8]  [4.28952212]    [0.]    [18.]
75      48      [16.52] [4.87950817]    [0.]    [18.]
76      41      [15.58] [6.03353959]    [0.]    [18.]
77      47      [16.26] [5.13345887]    [0.]    [18.]
78      44      [15.22] [6.17831692]    [0.]    [18.]
79      47      [15.3]  [6.07042008]    [0.]    [18.]
80      45      [15.7]  [5.70701323]    [0.]    [18.]
81      41      [16.54] [4.62692122]    [0.]    [18.]
82      44      [16.1]  [5.26212885]    [0.]    [18.]
83      44      [16.56] [4.58327394]    [0.]    [18.]
84      50      [17.24] [3.53021246]    [0.]    [18.]
85      48      [15.38] [6.22539959]    [0.]    [18.]
86      47      [16.12] [5.38754118]    [0.]    [18.]
87      43      [15.92] [5.23388957]    [0.]    [18.]
88      43      [14.7]  [6.37259759]    [0.]    [18.]
89      43      [14.62] [6.87281602]    [0.]    [18.]
90      43      [15.2]  [6.20644826]    [0.]    [18.]
91      44      [15.48] [5.88299244]    [0.]    [18.]
92      45      [14.26] [7.01943018]    [0.]    [18.]
93      43      [16.18] [5.13299133]    [0.]    [18.]
94      45      [16.46] [4.87938521]    [0.]    [18.]
95      45      [15.92] [5.50214504]    [0.]    [18.]
96      48      [17.02] [3.54112976]    [0.]    [18.]
97      47      [16.]   [5.34789678]    [0.]    [18.]
98      45      [16.66] [4.58523718]    [0.]    [18.]
99      46      [14.86] [6.52076683]    [0.]    [18.]
100     45      [16.74] [3.94365313]    [0.]    [18.]
[0, 1, 0, 0, 0, 0, 1, 1]
(18.0,)


【table_GA_Knapsack2】
gen     nevals  avg     std     min     max
0       50      [0.]    [0.]    [0.]    [0.]
1       46      [1.94]  [4.62346191]    [0.]    [18.]
2       39      [4.04]  [5.4146468]     [0.]    [18.]
3       48      [5.96]  [5.58913231]    [0.]    [17.]
4       38      [6.38]  [5.64938935]    [0.]    [17.]
5       44      [4.22]  [5.51829684]    [0.]    [16.]
6       43      [5.56]  [5.20061535]    [0.]    [17.]
7       45      [4.94]  [5.1900289]     [0.]    [16.]
8       42      [6.06]  [5.28927216]    [0.]    [18.]
9       34      [6.36]  [6.41173923]    [0.]    [16.]
10      43      [5.44]  [6.02713862]    [0.]    [18.]
Individual({1, 6, 7})
(18.0,)

【table_GA_Salseman】
Best individual is [7, 0, 1, 3, 2, 5, 6, 4]
(3078.0193583270034,)
6, 807, 214
4, 667, 388
7, 867, 821
0, 507, 779
1, 460, 483
3, 137, 582
2, 261, 120
5, 782, 64
6, 807, 214


【table_GA_SalsemanKnapsack】
Best individual is [18, 10, 11, 8, 4, 14, 17, 16, 9, 5, 6, 7, 19, 0, 13, 3, 1, 15, 2, 12]
(1321.5211993042162,)
9, 230, 241
5, 224, 253
18, 112, 235
10, 68, 291
11, 60, 253
8, 48, 249
4, 14, 199
14, 32, 130
17, 11, 13
16, 117, 52
9, 230, 241
2, 195, 110
12, 194, 107
6, 176, 118
7, 162, 15
19, 216, 14
0, 221, 1
13, 277, 4
3, 283, 119
1, 270, 113
15, 228, 136
2, 195, 110


【table_GA_Value】
gen     nevals  avg             std             min     max
0       500     [-90.464]       [30.71971198]   [-100.] [14.]
1       409     [-82.78986899]  [39.75930626]   [-100.] [15.23012669]
2       394     [-58.00718947]  [53.01774736]   [-100.] [15.63053032]
3       408     [-21.2661571]   [49.440139]     [-100.] [15.63053032]
4       403     [-3.737981]     [37.6500987]    [-100.] [15.52471522]
5       423     [-7.48429257]   [42.52748773]   [-100.] [15.47270349]
6       418     [-3.21944344]   [39.72790095]   [-100.] [15.67580115]
7       419     [-3.81560674]   [41.05707426]   [-100.] [15.69286021]
8       408     [-5.47666339]   [43.09331673]   [-100.] [15.71794986]
9       395     [-0.94878297]   [39.30488923]   [-100.] [15.71794986]
10      407     [-2.71289794]   [41.51136853]   [-100.] [15.73955294]
11      411     [-2.06646586]   [41.1418893]    [-100.] [15.74693165]
12      391     [-1.22507918]   [40.51392972]   [-100.] [15.74693165]
13      422     [-2.52297139]   [41.91023683]   [-100.] [15.74693165]
14      425     [-5.46388899]   [44.59282113]   [-100.] [15.74693165]
15      425     [-2.6405832]    [42.17499906]   [-100.] [15.74783687]
16      406     [-1.46047491]   [41.07096079]   [-100.] [15.74779177]
17      405     [-2.13819099]   [41.75423757]   [-100.] [15.74779177]
18      413     [-7.43612109]   [46.28194842]   [-100.] [15.74779177]
19      409     [-3.27132822]   [42.84274777]   [-100.] [15.74958758]
20      408     [-1.88721748]   [41.53924437]   [-100.] [15.74958758]
21      424     [-0.25495351]   [39.91005871]   [-100.] [15.74856376]
22      425     [-3.26601009]   [42.84624352]   [-100.] [15.74851388]
23      421     [-3.96796088]   [43.46405086]   [-100.] [15.7495232]
24      418     [-2.08254085]   [41.77681402]   [-100.] [15.7495232]
25      410     [-1.63944201]   [41.32121813]   [-100.] [15.74924587]
26      388     [-6.7297217]    [45.76027382]   [-100.] [15.74928922]
27      427     [-3.23655245]   [42.85782422]   [-100.] [15.74949253]
28      402     [-5.32528572]   [44.65756065]   [-100.] [15.74951158]
29      383     [-3.48438165]   [43.06123337]   [-100.] [15.74935385]
30      432     [-9.036475]     [47.46487272]   [-100.] [15.74989489]
31      406     [-3.93531052]   [43.47616813]   [-100.] [15.74989489]
32      427     [-8.57648608]   [47.13775701]   [-100.] [15.74989489]
33      380     [-6.52376079]   [45.57095516]   [-100.] [15.7498635]
34      435     [-10.43333449]  [48.39976669]   [-100.] [15.7498635]
35      412     [-14.34609344]  [50.77126561]   [-100.] [15.74965447]
36      425     [-10.67897864]  [48.54409922]   [-100.] [15.74978774]
37      414     [-7.16940334]   [46.12501845]   [-100.] [15.7497323]
38      399     [-3.69677861]   [43.27467276]   [-100.] [15.7497323]
39      419     [-5.58017774]   [44.83880194]   [-100.] [15.74957928]
40      436     [-3.94813464]   [43.4709999]    [-100.] [15.74965007]
41      410     [-3.46505283]   [43.06808703]   [-100.] [15.74962914]
42      413     [-5.5484999]    [44.85105798]   [-100.] [15.74961372]
43      398     [-5.0854659]    [44.46947955]   [-100.] [15.74961372]
44      404     [-3.92794348]   [43.47929583]   [-100.] [15.74961372]
45      409     [-6.01141246]   [45.22473524]   [-100.] [15.74963862]
46      426     [-7.66939421]   [46.45653617]   [-100.] [15.74963862]
47      423     [-8.82225089]   [47.2949241]    [-100.] [15.74963393]
48      411     [-9.71536619]   [47.94881516]   [-100.] [15.74961377]
49      423     [-10.19035986]  [48.25245881]   [-100.] [15.74961341]
50      406     [-7.17485933]   [46.12250236]   [-100.] [15.74962555]
51      416     [-6.01735493]   [45.22207463]   [-100.] [15.74961554]
52      411     [-6.25033889]   [45.40534182]   [-100.] [15.74961554]
53      400     [-6.47433785]   [45.59064386]   [-100.] [15.74961554]
54      410     [-9.0383208]    [47.46448774]   [-100.] [15.74961763]
55      378     [-7.42587795]   [46.28931062]   [-100.] [15.74961568]
56      419     [-6.0308757]    [45.21709043]   [-100.] [15.74961643]
57      415     [-2.3248326]    [41.99465736]   [-100.] [15.74961442]
58      413     [-0.71033739]   [40.3949658]    [-100.] [15.74961523]
59      397     [-0.96733018]   [40.62334388]   [-100.] [15.74961553]
60      416     [-1.85833327]   [41.55177678]   [-100.] [15.74961512]
61      414     [0.69615937]    [38.92490245]   [-100.] [15.74961512]
62      416     [-2.11431907]   [41.76649407]   [-100.] [15.74961486]
63      409     [-4.39081951]   [43.88177599]   [-100.] [15.74961527]
64      406     [-5.33431233]   [44.65481183]   [-100.] [15.74961527]
65      395     [-4.64232447]   [44.07185247]   [-100.] [15.74961527]
66      422     [-7.87731052]   [46.6374635]    [-100.] [15.74961527]
67      415     [-9.29479117]   [47.6138024]    [-100.] [15.74961539]
68      419     [-9.27580186]   [47.62194901]   [-100.] [15.74961522]
69      398     [-7.64860092]   [46.4656337]    [-100.] [15.74961522]
70      421     [-10.19230242]  [48.25205694]   [-100.] [15.74961522]
71      403     [-5.7798139]    [45.03894691]   [-100.] [15.7496152]
72      412     [-9.04030534]   [47.46251452]   [-100.] [15.7496152]
73      406     [-11.11793059]  [48.85193911]   [-100.] [15.7496152]
74      417     [-9.96429602]   [48.09675588]   [-100.] [15.7496152]
75      403     [-6.48180751]   [45.58731004]   [-100.] [15.74961511]
76      411     [-7.16880901]   [46.12531375]   [-100.] [15.7496151]
77      410     [-5.54831434]   [44.8511461]    [-100.] [15.74961505]
78      425     [-3.94182278]   [43.47413938]   [-100.] [15.74961521]
79      410     [-4.39081813]   [43.88177663]   [-100.] [15.74961517]
80      422     [-6.26281811]   [45.40026201]   [-100.] [15.7496151]
81      402     [-4.85381655]   [44.27570291]   [-100.] [15.7496151]
82      411     [-3.0018227]    [42.64803947]   [-100.] [15.7496151]
83      428     [-2.08982884]   [41.77487505]   [-100.] [15.74961501]
84      407     [0.00766731]    [39.67764436]   [-100.] [15.74961501]
85      439     [-7.63781035]   [46.46974258]   [-100.] [15.74961501]
86      411     [-10.87279649]  [48.71120079]   [-100.] [15.74961501]
87      403     [-5.54831419]   [44.85114617]   [-100.] [15.74961501]
88      431     [-11.33579494]  [49.00516644]   [-100.] [15.74961501]
89      413     [-6.94331265]   [45.94618411]   [-100.] [15.74961501]
90      410     [-13.43329109]  [50.24684393]   [-100.] [15.74961501]
91      403     [-10.87279648]  [48.7112008]    [-100.] [15.74961501]
92      412     [-11.58479031]  [49.14168353]   [-100.] [15.749615]
93      392     [-7.17481187]   [46.12252594]   [-100.] [15.749615]
94      424     [-8.8242957]    [47.29481349]   [-100.] [15.749615]
95      412     [-3.72131264]   [43.265616]     [-100.] [15.749615]
96      401     [-1.62032342]   [41.32806966]   [-100.] [15.749615]
97      398     [-6.70581032]   [45.77074074]   [-100.] [15.749615]
98      417     [-7.43180724]   [46.2867955]    [-100.] [15.749615]
99      423     [-11.82378568]  [49.28089276]   [-100.] [15.74961499]
100     425     [-9.50172981]   [47.78376816]   [-100.] [15.749615]
[1.7503850042456293, 1.7496149957058904]
(15.749614995511969,)