table4-1
         mean    sd  hdi_3%  hdi_97%  mcse_mean   mcse_sd  ess_bulk  ess_tail  r_hat
alpha    1.76  0.46    0.96     2.67   1.20e-02  8.00e-03    1539.0    1587.0    1.0
beta     0.97  0.04    0.88     1.05   1.00e-03  1.00e-03    1560.0    1612.0    1.0
epsilon  0.47  0.04    0.41     0.54   1.00e-03  1.00e-03    1444.0    1172.0    1.0
rb       0.84  0.08    0.69     0.97   2.00e-03  1.00e-03    1560.0    1612.0    1.0
rss      0.84  0.08    0.69     0.97   2.00e-03  1.00e-03    1560.0    1589.0    1.0

table4-2
          mean    sd  hdi_3%  hdi_97%  mcse_mean   mcse_sd  ess_bulk  ess_tail  r_hat
alpha[0]  1.85  0.46    1.02     2.73   5.00e-03  4.00e-03    7686.0    3814.0    NaN
beta[0]   0.97  0.04    0.88     1.05   1.00e-03  0.00e+00    7584.0    3537.0    NaN
beta[1]   1.47  0.03    1.41     1.53   0.00e+00  0.00e+00    7049.0    4150.0    NaN


table4-3
             mean    sd  hdi_3%  hdi_97%  mcse_mean   mcse_sd  ess_bulk  ess_tail  r_hat
alpha   -1.00e-03  0.10   -0.18     0.19   2.00e-03  1.00e-03    4199.0    3327.0    NaN
beta[0]  9.55e-01  0.16    0.65     1.24   3.00e-03  2.00e-03    2741.0    2884.0    NaN
beta[1] -5.20e-02  0.09   -0.23     0.12   2.00e-03  1.00e-03    2764.0    2842.0    NaN
epsilon  1.00e+00  0.07    0.87     1.14   1.00e-03  1.00e-03    3517.0    3039.0    NaN


table4-3-1
         mean    sd  hdi_3%  hdi_97%  mcse_mean   mcse_sd  ess_bulk  ess_tail  r_hat
alpha   -0.15  0.10   -0.34     0.04   2.00e-03  2.00e-03    2540.0    2253.0    NaN
beta[0] -0.51  5.46  -10.97     9.83   1.37e-01  9.70e-02    1608.0    2152.0    NaN
beta[1]  1.66  5.46   -8.57    12.26   1.37e-01  9.70e-02    1607.0    2156.0    NaN
epsilon  0.98  0.07    0.85     1.12   1.00e-03  1.00e-03    2758.0    2440.0    NaN