table7-1
            mean     sd  hdi_3%  hdi_97%  mcse_mean  mcse_sd  ess_bulk  ess_tail  r_hat
means[0]   8.845  0.205   8.440    9.221      0.002    0.001   14027.0    7608.0    NaN
means[1]  20.926  0.271  20.403   21.421      0.002    0.001   16952.0    8091.0    NaN
means[2]  34.903  0.221  34.500   35.335      0.002    0.001   11197.0    7353.0    NaN
sd         1.948  0.094   1.776    2.128      0.001    0.001    9563.0    7456.0    NaN
p[0]       0.417  0.033   0.356    0.480      0.000    0.000    8654.0    7515.0    NaN
p[1]       0.234  0.029   0.181    0.288      0.000    0.000    7217.0    7007.0    NaN
p[2]       0.349  0.032   0.287    0.408      0.000    0.000   17301.0    7007.0    NaN


table7-2
         mean      sd   hdi_3%  hdi_97%  mcse_mean  mcse_sd  ess_bulk  ess_tail  r_hat
alpha -84.809  32.649 -144.229  -29.861      1.093    0.776     916.0    1141.0    NaN
beta   15.554   5.974    5.504   26.474      0.198    0.141     931.0    1140.0    NaN
bd      5.451   0.056    5.353    5.564      0.002    0.001    1255.0    1231.0    NaN
pi      0.297   0.078    0.139    0.433      0.003    0.002     892.0     632.0    NaN